           days       x         y1        y2        y3         y4     x'1      x'2      x'3      x'4   x'1/s1'^2 x'2/s2'^2 x'3/s3'^2 x'4/s4'^2  X(est)   x-x(est) 
       6/1/2011       85.1      85.5      83.4      83.7       85.6   85.64    84.39    84.84    84.66   54.055    98.238   164.200  171.671      84.8    -0.31 
       6/2/2011       86.2      86.2      85.3      85.6       87.6   86.39    86.39    86.80    86.64   54.533   100.577   167.980  175.693      86.6     0.46 
       6/3/2011       91.9      89.5      90.0      89.9       92.3   89.80    91.36    91.24    91.31   56.686   106.360   176.575  185.152      91.1    -0.81 
       6/4/2011       84.1      85.9      83.5      85.5       85.1   86.03    84.50    86.67    84.18   54.306    98.370   167.731  170.692      85.3     1.14 
       6/5/2011       96.3      94.9      94.1      94.5       97.3   95.49    95.67    95.86    96.28   60.274   111.370   185.527  195.227      95.9    -0.35 
       6/6/2011       99.8      98.0      97.7      97.6      101.0   98.79    99.48    99.05    99.96   62.356   115.806   191.697  202.692      99.4    -0.32 
       6/7/2011       97.2      96.3      96.4      95.9       98.7   97.00    98.07    97.36    97.71   61.231   114.173   188.416  198.126      97.6     0.35 
       6/8/2011       83.5      86.4      84.8      83.1       86.3   86.53    85.88    84.20    85.36   54.617    99.981   162.951  173.084      85.2     1.69 
       6/9/2011       71.0      71.8      71.9      69.7       72.9   71.23    72.35    70.49    72.04   44.964    84.223   136.417  146.085      71.5     0.47 
      6/10/2011                 69.8      67.6      66.2       67.8   69.11    67.80    66.93    66.97   43.624    78.926   129.534  135.792      67.4 
      6/11/2011       76.2      76.2      74.8      75.8       76.7   75.78    75.34    76.72    75.83   47.835    87.710   148.472  153.768      76.0    -0.15 
      6/12/2011       78.8      77.9      77.7      77.3       79.0   77.66    78.41    78.32    78.10   49.019    91.285   151.575  158.370      78.2    -0.65 
      6/13/2011       69.2      70.3      69.9      69.3       71.0   69.57    70.17    70.12    70.15   43.911    81.685   135.704  142.243      70.1     0.85 
      6/14/2011       78.1      79.5      78.1      76.0       78.7   79.32    78.79    76.99    77.85   50.071    91.727   149.007  157.863      77.9    -0.20 
      6/15/2011       86.4      85.0      85.3      84.6       86.4   85.10    86.41    85.80    85.46   53.720   100.599   166.054  173.301      85.7    -0.67 
      6/16/2011       86.8      85.3      84.0      85.1       86.3   85.37    85.01    86.30    85.34   53.887    98.966   167.017  173.048      85.6    -1.18 
      6/17/2011                 92.5      90.9      90.3       92.7   92.95    92.35    91.57    91.75   58.672   107.508   177.217  186.058      91.9 
      6/18/2011       81.5      82.9      81.4      80.3       82.9   82.87    82.32    81.38    82.00   52.308    95.832   157.495  166.271      81.9     0.47 
      6/19/2011       85.6      86.6      85.5      85.1       87.5   86.77    86.66    86.30    86.52   54.772   100.886   167.017  175.440      86.5     0.93 
      6/20/2011       87.9      88.2      86.7      86.8       88.4   88.44    87.93    88.03    87.50   55.825   102.365   170.370  177.433      87.9     0.01 
      6/21/2011       72.0      72.9      71.9      71.3       72.8   72.37    72.33    72.11    71.95   45.682    84.201   139.556  145.904      72.1     0.13 
      6/22/2011       76.7      75.0      74.4      74.9       76.6   74.53    74.98    75.89    75.72   47.045    87.291   146.867  153.550      75.5    -1.18 
      6/23/2011       77.1      78.9      76.4      76.6       78.6   78.66    77.01    77.58    77.74   49.653    89.652   150.148  157.645      77.6     0.50 
      6/24/2011       79.4      79.4      78.3      78.2       80.2   79.17    79.04    79.19    79.28   49.976    92.014   153.251  160.762      79.2    -0.24 
      6/25/2011       82.0      80.8      80.6      80.6       82.5   80.71    81.43    81.64    81.64   50.945    94.795   157.994  165.546      81.5    -0.46 
      6/26/2011       82.1      82.3      82.1      81.3       82.8   82.26    83.00    82.39    81.91   51.925    96.627   159.456  166.089      82.3     0.24 
      6/27/2011       79.1      79.8      77.9      78.0       80.1   79.57    78.66    79.06    79.17   50.227    91.572   153.001  160.545      79.1     0.00 
      6/28/2011       81.1      80.2      79.1      79.6       81.7   80.06    79.91    80.66    80.82   50.538    93.029   156.104  163.879      80.5    -0.61 
      6/29/2011       91.3      89.7      89.3      89.8       91.8   90.03    90.58    91.07    90.79   56.830   105.455   176.254  184.101      90.8    -0.57 
      6/30/2011      100.0     100.3      98.4      98.8      101.5  101.17   100.25   100.29   100.44   63.863   116.711   194.087  203.671     100.4     0.45 